(kicad_pcb (version 20171130) (host pcbnew "(5.1.12)-1")

  (general
    (thickness 1.6)
    (drawings 6)
    (tracks 363)
    (zones 0)
    (modules 69)
    (nets 49)
  )

  (page A4)
  (layers
    (0 F.Cu signal)
    (31 B.Cu signal)
    (32 B.Adhes user)
    (33 F.Adhes user)
    (34 B.Paste user)
    (35 F.Paste user)
    (36 B.SilkS user)
    (37 F.SilkS user hide)
    (38 B.Mask user)
    (39 F.Mask user)
    (40 Dwgs.User user)
    (41 Cmts.User user)
    (42 Eco1.User user)
    (43 Eco2.User user)
    (44 Edge.Cuts user)
    (45 Margin user)
    (46 B.CrtYd user)
    (47 F.CrtYd user)
    (48 B.Fab user hide)
    (49 F.Fab user hide)
  )

  (setup
    (last_trace_width 0.6)
    (user_trace_width 0.4)
    (user_trace_width 0.6)
    (user_trace_width 0.8)
    (user_trace_width 1.2)
    (user_trace_width 1.5)
    (trace_clearance 0.2)
    (zone_clearance 0.6)
    (zone_45_only no)
    (trace_min 0.2)
    (via_size 0.8)
    (via_drill 0.4)
    (via_min_size 0.4)
    (via_min_drill 0.3)
    (user_via 1.2 0.5)
    (user_via 1.4 0.7)
    (user_via 2 0.75)
    (uvia_size 0.3)
    (uvia_drill 0.1)
    (uvias_allowed no)
    (uvia_min_size 0.2)
    (uvia_min_drill 0.1)
    (edge_width 0.05)
    (segment_width 0.2)
    (pcb_text_width 0.3)
    (pcb_text_size 1.5 1.5)
    (mod_edge_width 0.12)
    (mod_text_size 1 1)
    (mod_text_width 0.15)
    (pad_size 3 1)
    (pad_drill 0.9)
    (pad_to_mask_clearance 0)
    (aux_axis_origin 0 0)
    (visible_elements 7FFFFFFF)
    (pcbplotparams
      (layerselection 0x010fc_ffffffff)
      (usegerberextensions false)
      (usegerberattributes true)
      (usegerberadvancedattributes true)
      (creategerberjobfile true)
      (excludeedgelayer true)
      (linewidth 0.100000)
      (plotframeref false)
      (viasonmask false)
      (mode 1)
      (useauxorigin false)
      (hpglpennumber 1)
      (hpglpenspeed 20)
      (hpglpendiameter 15.000000)
      (psnegative false)
      (psa4output false)
      (plotreference true)
      (plotvalue true)
      (plotinvisibletext false)
      (padsonsilk false)
      (subtractmaskfromsilk false)
      (outputformat 1)
      (mirror false)
      (drillshape 1)
      (scaleselection 1)
      (outputdirectory ""))
  )

  (net 0 "")
  (net 1 GND)
  (net 2 +BATT)
  (net 3 VDDA)
  (net 4 VCC)
  (net 5 "Net-(D1-Pad1)")
  (net 6 "Net-(D1-Pad2)")
  (net 7 "Net-(D2-Pad1)")
  (net 8 "Net-(D3-Pad1)")
  (net 9 "Net-(D3-Pad2)")
  (net 10 "Net-(D3-Pad3)")
  (net 11 "Net-(D3-Pad4)")
  (net 12 "Net-(R13-Pad2)")
  (net 13 "Net-(R15-Pad2)")
  (net 14 "Net-(R12-Pad2)")
  (net 15 Vref)
  (net 16 "Net-(R15-Pad1)")
  (net 17 D15)
  (net 18 IN1)
  (net 19 IN2)
  (net 20 IN3)
  (net 21 D2)
  (net 22 D4)
  (net 23 R)
  (net 24 G)
  (net 25 B)
  (net 26 sensor_bat)
  (net 27 "Net-(J1-Pad2)")
  (net 28 "Net-(J1-Pad3)")
  (net 29 "Net-(J1-Pad4)")
  (net 30 "Net-(J2-Pad4)")
  (net 31 "Net-(J2-Pad3)")
  (net 32 "Net-(J2-Pad2)")
  (net 33 "Net-(J3-Pad2)")
  (net 34 "Net-(J3-Pad3)")
  (net 35 "Net-(J3-Pad4)")
  (net 36 VDD)
  (net 37 "Net-(C2-Pad1)")
  (net 38 "Net-(C8-Pad1)")
  (net 39 "Net-(Q1-Pad3)")
  (net 40 "Net-(R16-Pad2)")
  (net 41 "Net-(R10-Pad1)")
  (net 42 "Net-(R11-Pad1)")
  (net 43 "Net-(R16-Pad1)")
  (net 44 "Net-(R17-Pad1)")
  (net 45 "Net-(R21-Pad1)")
  (net 46 "Net-(R22-Pad1)")
  (net 47 "Net-(R26-Pad1)")
  (net 48 "Net-(R30-Pad1)")

  (net_class Default "Esta es la clase de red por defecto."
    (clearance 0.2)
    (trace_width 0.25)
    (via_dia 0.8)
    (via_drill 0.4)
    (uvia_dia 0.3)
    (uvia_drill 0.1)
    (add_net +BATT)
    (add_net B)
    (add_net D15)
    (add_net D2)
    (add_net D4)
    (add_net G)
    (add_net GND)
    (add_net IN1)
    (add_net IN2)
    (add_net IN3)
    (add_net "Net-(C2-Pad1)")
    (add_net "Net-(C8-Pad1)")
    (add_net "Net-(D1-Pad1)")
    (add_net "Net-(D1-Pad2)")
    (add_net "Net-(D2-Pad1)")
    (add_net "Net-(D3-Pad1)")
    (add_net "Net-(D3-Pad2)")
    (add_net "Net-(D3-Pad3)")
    (add_net "Net-(D3-Pad4)")
    (add_net "Net-(J1-Pad2)")
    (add_net "Net-(J1-Pad3)")
    (add_net "Net-(J1-Pad4)")
    (add_net "Net-(J2-Pad2)")
    (add_net "Net-(J2-Pad3)")
    (add_net "Net-(J2-Pad4)")
    (add_net "Net-(J3-Pad2)")
    (add_net "Net-(J3-Pad3)")
    (add_net "Net-(J3-Pad4)")
    (add_net "Net-(Q1-Pad3)")
    (add_net "Net-(R10-Pad1)")
    (add_net "Net-(R11-Pad1)")
    (add_net "Net-(R12-Pad2)")
    (add_net "Net-(R13-Pad2)")
    (add_net "Net-(R15-Pad1)")
    (add_net "Net-(R15-Pad2)")
    (add_net "Net-(R16-Pad1)")
    (add_net "Net-(R16-Pad2)")
    (add_net "Net-(R17-Pad1)")
    (add_net "Net-(R21-Pad1)")
    (add_net "Net-(R22-Pad1)")
    (add_net "Net-(R26-Pad1)")
    (add_net "Net-(R30-Pad1)")
    (add_net R)
    (add_net VCC)
    (add_net VDD)
    (add_net VDDA)
    (add_net Vref)
    (add_net sensor_bat)
  )

  (module Battery:BatteryHolder_Keystone_2460_1xAA (layer B.Cu) (tedit 5DBEA3CC) (tstamp 621557C9)
    (at 102.7244 150.5464 180)
    (descr https://www.keyelco.com/product-pdf.cfm?p=1025)
    (tags "AA battery cell holder")
    (path /61D6F6BF)
    (fp_text reference BT1 (at -0.02 9.42 180) (layer B.SilkS)
      (effects (font (size 1 1) (thickness 0.15)) (justify mirror))
    )
    (fp_text value Battery (at 24.5 0 180) (layer B.Fab)
      (effects (font (size 1 1) (thickness 0.15)) (justify mirror))
    )
    (fp_line (start 33.9 -5.6) (end 18.1 -5.6) (layer B.SilkS) (width 0.12))
    (fp_line (start 18.1 5.6) (end 33.9 5.6) (layer B.SilkS) (width 0.12))
    (fp_line (start 35.9 -7.6) (end 53.9 -7.6) (layer B.SilkS) (width 0.12))
    (fp_line (start 35.9 7.6) (end 53.9 7.6) (layer B.SilkS) (width 0.12))
    (fp_line (start -1.9 7.6) (end 16.1 7.6) (layer B.SilkS) (width 0.12))
    (fp_line (start 53.9 7.6) (end 53.9 -7.6) (layer B.SilkS) (width 0.12))
    (fp_line (start -1.9 -7.6) (end 16.1 -7.6) (layer B.SilkS) (width 0.12))
    (fp_line (start -1.9 7.6) (end -1.9 -7.6) (layer B.SilkS) (width 0.12))
    (fp_line (start -2.62 8.565) (end 54.62 8.565) (layer B.SilkS) (width 0.12))
    (fp_line (start -2.62 -8.565) (end -2.62 8.565) (layer B.SilkS) (width 0.12))
    (fp_line (start 54.62 -8.565) (end -2.62 -8.565) (layer B.SilkS) (width 0.12))
    (fp_line (start 54.62 8.565) (end 54.62 -8.565) (layer B.SilkS) (width 0.12))
    (fp_line (start 47.31 1.06) (end 47.31 -0.94) (layer B.SilkS) (width 0.12))
    (fp_line (start 50.31 4.06) (end 50.31 -3.94) (layer B.SilkS) (width 0.12))
    (fp_line (start 49.31 -2.94) (end 49.31 3.06) (layer B.SilkS) (width 0.12))
    (fp_line (start 48.31 2.06) (end 48.31 -1.94) (layer B.SilkS) (width 0.12))
    (fp_line (start 54.75 -8.7) (end -2.75 -8.7) (layer B.CrtYd) (width 0.05))
    (fp_line (start 54.75 8.7) (end 54.75 -8.7) (layer B.CrtYd) (width 0.05))
    (fp_line (start -2.75 8.7) (end 54.75 8.7) (layer B.CrtYd) (width 0.05))
    (fp_line (start -2.75 -8.7) (end -2.75 8.7) (layer B.CrtYd) (width 0.05))
    (fp_line (start 54.5 8.445) (end -2.5 8.445) (layer B.Fab) (width 0.1))
    (fp_line (start -2.5 8.445) (end -2.5 -8.445) (layer B.Fab) (width 0.1))
    (fp_line (start -2.5 -8.445) (end 54.5 -8.445) (layer B.Fab) (width 0.1))
    (fp_line (start 54.5 -8.445) (end 54.5 8.445) (layer B.Fab) (width 0.1))
    (fp_arc (start 18.1 7.6) (end 16.1 7.6) (angle 90) (layer B.SilkS) (width 0.12))
    (fp_arc (start 33.9 7.6) (end 33.9 5.6) (angle 90) (layer B.SilkS) (width 0.12))
    (fp_arc (start 33.9 -7.6) (end 35.9 -7.6) (angle 90) (layer B.SilkS) (width 0.12))
    (fp_arc (start 18.1 -7.6) (end 18.1 -5.6) (angle 90) (layer B.SilkS) (width 0.12))
    (fp_text user %R (at 0.01 0.06) (layer B.Fab)
      (effects (font (size 1 1) (thickness 0.15)) (justify mirror))
    )
    (fp_text user - (at 55.37 0.06) (layer B.SilkS)
      (effects (font (size 1 1) (thickness 0.15)) (justify mirror))
    )
    (fp_text user + (at -3.4 0.06) (layer B.SilkS)
      (effects (font (size 1 1) (thickness 0.15)) (justify mirror))
    )
    (pad "" np_thru_hole circle (at 2.75 5.995 90) (size 2.64 2.64) (drill 2.64) (layers *.Cu *.Mask))
    (pad "" np_thru_hole circle (at 49.23 -5.995 180) (size 2.64 2.64) (drill 2.64) (layers *.Cu *.Mask))
    (pad 2 thru_hole circle (at 51.99 0) (size 2 2) (drill 1.02) (layers *.Cu *.Mask)
      (net 1 GND))
    (pad 1 thru_hole rect (at 0 0) (size 2 2) (drill 1.02) (layers *.Cu *.Mask)
      (net 2 +BATT))
    (model ${KISYS3DMOD}/Battery.3dshapes/BatteryHolder_Keystone_2460_1xAA.wrl
      (at (xyz 0 0 0))
      (scale (xyz 1 1 1))
      (rotate (xyz 0 0 0))
    )
  )

  (module "ESP footprint:MODULE_ESP32_DEVKIT_V1" (layer B.Cu) (tedit 62151CAA) (tstamp 6216D976)
    (at 73.7362 126.746 270)
    (path /60DE0669)
    (fp_text reference U6 (at -11.355 27.36 270) (layer B.SilkS)
      (effects (font (size 1 1) (thickness 0.15)) (justify mirror))
    )
    (fp_text value ESP32_shield (at -0.56 -27.36 270) (layer B.Fab)
      (effects (font (size 1 1) (thickness 0.15)) (justify mirror))
    )
    (fp_line (start 14.48 25.725) (end -14.53 25.725) (layer B.CrtYd) (width 0.05))
    (fp_line (start 14.48 -25.725) (end 14.48 25.725) (layer B.CrtYd) (width 0.05))
    (fp_line (start -14.53 -25.725) (end 14.48 -25.725) (layer B.CrtYd) (width 0.05))
    (fp_line (start -14.53 25.725) (end -14.53 -25.725) (layer B.CrtYd) (width 0.05))
    (fp_line (start 8.78 -25.475) (end 14.23 -25.475) (layer B.SilkS) (width 0.127))
    (fp_line (start -8.91 -25.475) (end 8.78 -25.475) (layer B.SilkS) (width 0.127))
    (fp_line (start -14.28 -25.475) (end -8.91 -25.475) (layer B.SilkS) (width 0.127))
    (fp_line (start 14.23 25.475) (end 14.23 -25.475) (layer B.SilkS) (width 0.127))
    (fp_line (start -14.28 -25.475) (end -14.28 25.475) (layer B.SilkS) (width 0.127))
    (fp_line (start 3.5 25.475) (end 14.23 25.475) (layer B.SilkS) (width 0.127))
    (fp_line (start -3.211 25.475) (end 3.5 25.475) (layer B.SilkS) (width 0.127))
    (fp_line (start -14.28 25.475) (end -3.211 25.475) (layer B.SilkS) (width 0.127))
    (fp_poly (pts (xy -8.91 -18.985) (xy 8.78 -18.985) (xy 8.78 -25.475) (xy -8.91 -25.475)) (layer Dwgs.User) (width 0.01))
    (fp_poly (pts (xy -8.91 -18.985) (xy 8.78 -18.985) (xy 8.78 -25.475) (xy -8.91 -25.475)) (layer Dwgs.User) (width 0.01))
    (fp_poly (pts (xy -8.91 -18.985) (xy 8.78 -18.985) (xy 8.78 -25.475) (xy -8.91 -25.475)) (layer Dwgs.User) (width 0.01))
    (fp_line (start -3.211 21.585) (end -3.211 25.475) (layer B.Fab) (width 0.127))
    (fp_line (start 3.5 21.585) (end -3.211 21.585) (layer B.Fab) (width 0.127))
    (fp_line (start 3.5 25.475) (end 3.5 21.585) (layer B.Fab) (width 0.127))
    (fp_line (start -8.91 -18.985) (end 8.78 -18.985) (layer B.Fab) (width 0.127))
    (fp_line (start 8.78 -18.985) (end 8.78 -25.475) (layer B.Fab) (width 0.127))
    (fp_line (start 8.78 -6.355) (end 8.78 -18.985) (layer B.Fab) (width 0.127))
    (fp_line (start -8.91 -6.355) (end 8.78 -6.355) (layer B.Fab) (width 0.127))
    (fp_line (start -8.91 -18.985) (end -8.91 -6.355) (layer B.Fab) (width 0.127))
    (fp_line (start -8.91 -25.475) (end -8.91 -18.985) (layer B.Fab) (width 0.127))
    (fp_line (start 8.78 -25.475) (end 14.23 -25.475) (layer B.Fab) (width 0.127))
    (fp_line (start -8.91 -25.475) (end 8.78 -25.475) (layer B.Fab) (width 0.127))
    (fp_line (start -14.28 -25.475) (end -8.91 -25.475) (layer B.Fab) (width 0.127))
    (fp_line (start 14.23 25.475) (end 14.23 -25.475) (layer B.Fab) (width 0.127))
    (fp_circle (center -14.85 15.515) (end -14.75 15.515) (layer B.Fab) (width 0.2))
    (fp_circle (center -14.85 15.515) (end -14.75 15.515) (layer B.SilkS) (width 0.2))
    (fp_line (start -14.28 -25.475) (end -14.28 25.475) (layer B.SilkS) (width 0.127))
    (fp_line (start -14.28 25.475) (end 14.23 25.475) (layer B.SilkS) (width 0.127))
    (fp_line (start -14.28 -25.475) (end -14.28 25.475) (layer B.Fab) (width 0.127))
    (fp_line (start 14.23 -25.475) (end -14.28 -25.475) (layer B.SilkS) (width 0.127))
    (fp_line (start 14.23 25.475) (end 14.23 -25.475) (layer B.SilkS) (width 0.127))
    (fp_line (start 3.5 25.475) (end 14.23 25.475) (layer B.Fab) (width 0.127))
    (fp_line (start -3.211 25.475) (end 3.5 25.475) (layer B.Fab) (width 0.127))
    (fp_line (start -14.28 25.475) (end -3.211 25.475) (layer B.Fab) (width 0.127))
    (pad 1 thru_hole rect (at -12.7 15.515 270) (size 2 2) (drill 1.02) (layers *.Cu *.Mask)
      (net 36 VDD))
    (pad 2 thru_hole circle (at -12.7 12.975 270) (size 2 2) (drill 1.02) (layers *.Cu *.Mask)
      (net 1 GND))
    (pad 3 thru_hole circle (at -12.7 10.435 270) (size 2 2) (drill 1.02) (layers *.Cu *.Mask)
      (net 17 D15))
    (pad 4 thru_hole circle (at -12.7 7.895 270) (size 2 2) (drill 1.02) (layers *.Cu *.Mask)
      (net 21 D2))
    (pad 5 thru_hole circle (at -12.7 5.355 270) (size 2 2) (drill 1.02) (layers *.Cu *.Mask)
      (net 22 D4))
    (pad 6 thru_hole circle (at -12.7 2.815 270) (size 2 2) (drill 1.02) (layers *.Cu *.Mask))
    (pad 7 thru_hole circle (at -12.7 0.275 270) (size 2 2) (drill 1.02) (layers *.Cu *.Mask))
    (pad 8 thru_hole circle (at -12.7 -2.265 270) (size 2 2) (drill 1.02) (layers *.Cu *.Mask))
    (pad 9 thru_hole circle (at -12.7 -4.805 270) (size 2 2) (drill 1.02) (layers *.Cu *.Mask))
    (pad 10 thru_hole circle (at -12.7 -7.345 270) (size 2 2) (drill 1.02) (layers *.Cu *.Mask))
    (pad 11 thru_hole circle (at -12.7 -9.885 270) (size 2 2) (drill 1.02) (layers *.Cu *.Mask))
    (pad 12 thru_hole circle (at -12.7 -12.425 270) (size 2 2) (drill 1.02) (layers *.Cu *.Mask))
    (pad 13 thru_hole circle (at -12.7 -14.965 270) (size 2 2) (drill 1.02) (layers *.Cu *.Mask))
    (pad 14 thru_hole circle (at -12.7 -17.505 270) (size 2 2) (drill 1.02) (layers *.Cu *.Mask))
    (pad 15 thru_hole circle (at -12.7 -20.045 270) (size 2 2) (drill 1.02) (layers *.Cu *.Mask))
    (pad 30 thru_hole circle (at 12.7 15.515 270) (size 2 2) (drill 1.02) (layers *.Cu *.Mask))
    (pad 29 thru_hole circle (at 12.7 12.975 270) (size 2 2) (drill 1.02) (layers *.Cu *.Mask)
      (net 1 GND))
    (pad 28 thru_hole circle (at 12.7 10.435 270) (size 2 2) (drill 1.02) (layers *.Cu *.Mask)
      (net 23 R))
    (pad 27 thru_hole circle (at 12.7 7.895 270) (size 2 2) (drill 1.02) (layers *.Cu *.Mask)
      (net 24 G))
    (pad 26 thru_hole circle (at 12.7 5.355 270) (size 2 2) (drill 1.02) (layers *.Cu *.Mask)
      (net 25 B))
    (pad 25 thru_hole circle (at 12.7 2.815 270) (size 2 2) (drill 1.02) (layers *.Cu *.Mask))
    (pad 24 thru_hole circle (at 12.7 0.275 270) (size 2 2) (drill 1.02) (layers *.Cu *.Mask))
    (pad 23 thru_hole circle (at 12.7 -2.265 270) (size 2 2) (drill 1.02) (layers *.Cu *.Mask))
    (pad 22 thru_hole circle (at 12.7 -4.805 270) (size 2 2) (drill 1.02) (layers *.Cu *.Mask))
    (pad 21 thru_hole circle (at 12.7 -7.345 270) (size 2 2) (drill 1.02) (layers *.Cu *.Mask))
    (pad 20 thru_hole circle (at 12.7 -9.885 270) (size 2 2) (drill 1.02) (layers *.Cu *.Mask)
      (net 26 sensor_bat))
    (pad 19 thru_hole circle (at 12.7 -12.425 270) (size 2 2) (drill 1.02) (layers *.Cu *.Mask)
      (net 20 IN3))
    (pad 18 thru_hole circle (at 12.7 -14.965 270) (size 2 2) (drill 1.02) (layers *.Cu *.Mask)
      (net 19 IN2))
    (pad 17 thru_hole circle (at 12.7 -17.505 270) (size 2 2) (drill 1.02) (layers *.Cu *.Mask)
      (net 18 IN1))
    (pad 16 thru_hole circle (at 12.7 -20.045 270) (size 2 2) (drill 1.02) (layers *.Cu *.Mask))
    (pad None np_thru_hole circle (at -12.28 -23.475 270) (size 3 3) (drill 3) (layers *.Cu *.Mask))
    (pad None np_thru_hole circle (at 12.23 -23.475 270) (size 3 3) (drill 3) (layers *.Cu *.Mask))
    (pad None np_thru_hole circle (at 12.23 23.475 270) (size 3 3) (drill 3) (layers *.Cu *.Mask))
    (pad None np_thru_hole circle (at -12.28 23.475 270) (size 3 3) (drill 3) (layers *.Cu *.Mask))
  )

  (module Package_SO:SOIC-14_3.9x8.7mm_P1.27mm (layer F.Cu) (tedit 5D9F72B1) (tstamp 621BEF94)
    (at 89.0158 163.6014)
    (descr "SOIC, 14 Pin (JEDEC MS-012AB, https://www.analog.com/media/en/package-pcb-resources/package/pkg_pdf/soic_narrow-r/r_14.pdf), generated with kicad-footprint-generator ipc_gullwing_generator.py")
    (tags "SOIC SO")
    (path /62403D8C)
    (attr smd)
    (fp_text reference U4 (at 0 -5.28) (layer F.SilkS)
      (effects (font (size 1 1) (thickness 0.15)))
    )
    (fp_text value LM324 (at 0 5.28) (layer F.Fab)
      (effects (font (size 1 1) (thickness 0.15)))
    )
    (fp_line (start 0 4.435) (end 1.95 4.435) (layer F.SilkS) (width 0.12))
    (fp_line (start 0 4.435) (end -1.95 4.435) (layer F.SilkS) (width 0.12))
    (fp_line (start 0 -4.435) (end 1.95 -4.435) (layer F.SilkS) (width 0.12))
    (fp_line (start 0 -4.435) (end -3.45 -4.435) (layer F.SilkS) (width 0.12))
    (fp_line (start -0.975 -4.325) (end 1.95 -4.325) (layer F.Fab) (width 0.1))
    (fp_line (start 1.95 -4.325) (end 1.95 4.325) (layer F.Fab) (width 0.1))
    (fp_line (start 1.95 4.325) (end -1.95 4.325) (layer F.Fab) (width 0.1))
    (fp_line (start -1.95 4.325) (end -1.95 -3.35) (layer F.Fab) (width 0.1))
    (fp_line (start -1.95 -3.35) (end -0.975 -4.325) (layer F.Fab) (width 0.1))
    (fp_line (start -3.7 -4.58) (end -3.7 4.58) (layer F.CrtYd) (width 0.05))
    (fp_line (start -3.7 4.58) (end 3.7 4.58) (layer F.CrtYd) (width 0.05))
    (fp_line (start 3.7 4.58) (end 3.7 -4.58) (layer F.CrtYd) (width 0.05))
    (fp_line (start 3.7 -4.58) (end -3.7 -4.58) (layer F.CrtYd) (width 0.05))
    (fp_text user %R (at 0 0) (layer F.Fab)
      (effects (font (size 0.98 0.98) (thickness 0.15)))
    )
    (pad 14 smd roundrect (at 2.475 -3.81) (size 1.95 0.6) (layers F.Cu F.Paste F.Mask) (roundrect_rratio 0.25))
    (pad 13 smd roundrect (at 2.475 -2.54) (size 1.95 0.6) (layers F.Cu F.Paste F.Mask) (roundrect_rratio 0.25))
    (pad 12 smd roundrect (at 2.475 -1.27) (size 1.95 0.6) (layers F.Cu F.Paste F.Mask) (roundrect_rratio 0.25))
    (pad 11 smd roundrect (at 2.475 0) (size 1.95 0.6) (layers F.Cu F.Paste F.Mask) (roundrect_rratio 0.25)
      (net 1 GND))
    (pad 10 smd roundrect (at 2.475 1.27) (size 1.95 0.6) (layers F.Cu F.Paste F.Mask) (roundrect_rratio 0.25))
    (pad 9 smd roundrect (at 2.475 2.54) (size 1.95 0.6) (layers F.Cu F.Paste F.Mask) (roundrect_rratio 0.25))
    (pad 8 smd roundrect (at 2.475 3.81) (size 1.95 0.6) (layers F.Cu F.Paste F.Mask) (roundrect_rratio 0.25))
    (pad 7 smd roundrect (at -2.475 3.81) (size 1.95 0.6) (layers F.Cu F.Paste F.Mask) (roundrect_rratio 0.25))
    (pad 6 smd roundrect (at -2.475 2.54) (size 1.95 0.6) (layers F.Cu F.Paste F.Mask) (roundrect_rratio 0.25))
    (pad 5 smd roundrect (at -2.475 1.27) (size 1.95 0.6) (layers F.Cu F.Paste F.Mask) (roundrect_rratio 0.25))
    (pad 4 smd roundrect (at -2.475 0) (size 1.95 0.6) (layers F.Cu F.Paste F.Mask) (roundrect_rratio 0.25)
      (net 3 VDDA))
    (pad 3 smd roundrect (at -2.475 -1.27) (size 1.95 0.6) (layers F.Cu F.Paste F.Mask) (roundrect_rratio 0.25)
      (net 40 "Net-(R16-Pad2)"))
    (pad 2 smd roundrect (at -2.475 -2.54) (size 1.95 0.6) (layers F.Cu F.Paste F.Mask) (roundrect_rratio 0.25)
      (net 12 "Net-(R13-Pad2)"))
    (pad 1 smd roundrect (at -2.475 -3.81) (size 1.95 0.6) (layers F.Cu F.Paste F.Mask) (roundrect_rratio 0.25)
      (net 43 "Net-(R16-Pad1)"))
    (model ${KISYS3DMOD}/Package_SO.3dshapes/SOIC-14_3.9x8.7mm_P1.27mm.wrl
      (at (xyz 0 0 0))
      (scale (xyz 1 1 1))
      (rotate (xyz 0 0 0))
    )
  )

  (module Resistor_SMD:R_0805_2012Metric (layer F.Cu) (tedit 5F68FEEE) (tstamp 62155B01)
    (at 101.2971 157.6324 180)
    (descr "Resistor SMD 0805 (2012 Metric), square (rectangular) end terminal, IPC_7351 nominal, (Body size source: IPC-SM-782 page 72, https://www.pcb-3d.com/wordpress/wp-content/uploads/ipc-sm-782a_amendment_1_and_2.pdf), generated with kicad-footprint-generator")
    (tags resistor)
    (path /61CCDCF7)
    (attr smd)
    (fp_text reference R18 (at 0 -1.65) (layer F.SilkS)
      (effects (font (size 1 1) (thickness 0.15)))
    )
    (fp_text value 390 (at 0 1.65) (layer F.Fab)
      (effects (font (size 1 1) (thickness 0.15)))
    )
    (fp_line (start 1.68 0.95) (end -1.68 0.95) (layer F.CrtYd) (width 0.05))
    (fp_line (start 1.68 -0.95) (end 1.68 0.95) (layer F.CrtYd) (width 0.05))
    (fp_line (start -1.68 -0.95) (end 1.68 -0.95) (layer F.CrtYd) (width 0.05))
    (fp_line (start -1.68 0.95) (end -1.68 -0.95) (layer F.CrtYd) (width 0.05))
    (fp_line (start -0.227064 0.735) (end 0.227064 0.735) (layer F.SilkS) (width 0.12))
    (fp_line (start -0.227064 -0.735) (end 0.227064 -0.735) (layer F.SilkS) (width 0.12))
    (fp_line (start 1 0.625) (end -1 0.625) (layer F.Fab) (width 0.1))
    (fp_line (start 1 -0.625) (end 1 0.625) (layer F.Fab) (width 0.1))
    (fp_line (start -1 -0.625) (end 1 -0.625) (layer F.Fab) (width 0.1))
    (fp_line (start -1 0.625) (end -1 -0.625) (layer F.Fab) (width 0.1))
    (fp_text user %R (at 0 0) (layer F.Fab)
      (effects (font (size 0.5 0.5) (thickness 0.08)))
    )
    (pad 2 smd roundrect (at 0.9125 0 180) (size 1.025 1.4) (layers F.Cu F.Paste F.Mask) (roundrect_rratio 0.243902)
      (net 18 IN1))
    (pad 1 smd roundrect (at -0.9125 0 180) (size 1.025 1.4) (layers F.Cu F.Paste F.Mask) (roundrect_rratio 0.243902)
      (net 16 "Net-(R15-Pad1)"))
    (model ${KISYS3DMOD}/Resistor_SMD.3dshapes/R_0805_2012Metric.wrl
      (at (xyz 0 0 0))
      (scale (xyz 1 1 1))
      (rotate (xyz 0 0 0))
    )
  )

  (module Resistor_SMD:R_0805_2012Metric (layer F.Cu) (tedit 5F68FEEE) (tstamp 62155C00)
    (at 106.553 116.7892 90)
    (descr "Resistor SMD 0805 (2012 Metric), square (rectangular) end terminal, IPC_7351 nominal, (Body size source: IPC-SM-782 page 72, https://www.pcb-3d.com/wordpress/wp-content/uploads/ipc-sm-782a_amendment_1_and_2.pdf), generated with kicad-footprint-generator")
    (tags resistor)
    (path /621C4A6F)
    (attr smd)
    (fp_text reference R36 (at 0 -1.65 90) (layer F.SilkS)
      (effects (font (size 1 1) (thickness 0.15)))
    )
    (fp_text value R (at 0 1.65 90) (layer F.Fab)
      (effects (font (size 1 1) (thickness 0.15)))
    )
    (fp_line (start -1 0.625) (end -1 -0.625) (layer F.Fab) (width 0.1))
    (fp_line (start -1 -0.625) (end 1 -0.625) (layer F.Fab) (width 0.1))
    (fp_line (start 1 -0.625) (end 1 0.625) (layer F.Fab) (width 0.1))
    (fp_line (start 1 0.625) (end -1 0.625) (layer F.Fab) (width 0.1))
    (fp_line (start -0.227064 -0.735) (end 0.227064 -0.735) (layer F.SilkS) (width 0.12))
    (fp_line (start -0.227064 0.735) (end 0.227064 0.735) (layer F.SilkS) (width 0.12))
    (fp_line (start -1.68 0.95) (end -1.68 -0.95) (layer F.CrtYd) (width 0.05))
    (fp_line (start -1.68 -0.95) (end 1.68 -0.95) (layer F.CrtYd) (width 0.05))
    (fp_line (start 1.68 -0.95) (end 1.68 0.95) (layer F.CrtYd) (width 0.05))
    (fp_line (start 1.68 0.95) (end -1.68 0.95) (layer F.CrtYd) (width 0.05))
    (fp_text user %R (at 0 0 90) (layer F.Fab)
      (effects (font (size 0.5 0.5) (thickness 0.08)))
    )
    (pad 1 smd roundrect (at -0.9125 0 90) (size 1.025 1.4) (layers F.Cu F.Paste F.Mask) (roundrect_rratio 0.243902)
      (net 11 "Net-(D3-Pad4)"))
    (pad 2 smd roundrect (at 0.9125 0 90) (size 1.025 1.4) (layers F.Cu F.Paste F.Mask) (roundrect_rratio 0.243902)
      (net 36 VDD))
    (model ${KISYS3DMOD}/Resistor_SMD.3dshapes/R_0805_2012Metric.wrl
      (at (xyz 0 0 0))
      (scale (xyz 1 1 1))
      (rotate (xyz 0 0 0))
    )
  )

  (module Capacitor_SMD:C_0805_2012Metric (layer F.Cu) (tedit 5F68FEEE) (tstamp 621D1420)
    (at 110.2462 169.4688 180)
    (descr "Capacitor SMD 0805 (2012 Metric), square (rectangular) end terminal, IPC_7351 nominal, (Body size source: IPC-SM-782 page 76, https://www.pcb-3d.com/wordpress/wp-content/uploads/ipc-sm-782a_amendment_1_and_2.pdf, https://docs.google.com/spreadsheets/d/1BsfQQcO9C6DZCsRaXUlFlo91Tg2WpOkGARC1WS5S8t0/edit?usp=sharing), generated with kicad-footprint-generator")
    (tags capacitor)
    (path /6150B1C0)
    (attr smd)
    (fp_text reference C7 (at 0 -1.68) (layer F.SilkS)
      (effects (font (size 1 1) (thickness 0.15)))
    )
    (fp_text value 400nF (at 0 1.68) (layer F.Fab)
      (effects (font (size 1 1) (thickness 0.15)))
    )
    (fp_line (start 1.7 0.98) (end -1.7 0.98) (layer F.CrtYd) (width 0.05))
    (fp_line (start 1.7 -0.98) (end 1.7 0.98) (layer F.CrtYd) (width 0.05))
    (fp_line (start -1.7 -0.98) (end 1.7 -0.98) (layer F.CrtYd) (width 0.05))
    (fp_line (start -1.7 0.98) (end -1.7 -0.98) (layer F.CrtYd) (width 0.05))
    (fp_line (start -0.261252 0.735) (end 0.261252 0.735) (layer F.SilkS) (width 0.12))
    (fp_line (start -0.261252 -0.735) (end 0.261252 -0.735) (layer F.SilkS) (width 0.12))
    (fp_line (start 1 0.625) (end -1 0.625) (layer F.Fab) (width 0.1))
    (fp_line (start 1 -0.625) (end 1 0.625) (layer F.Fab) (width 0.1))
    (fp_line (start -1 -0.625) (end 1 -0.625) (layer F.Fab) (width 0.1))
    (fp_line (start -1 0.625) (end -1 -0.625) (layer F.Fab) (width 0.1))
    (fp_text user %R (at 0 0) (layer F.Fab)
      (effects (font (size 0.5 0.5) (thickness 0.08)))
    )
    (pad 2 smd roundrect (at 0.95 0 180) (size 1 1.45) (layers F.Cu F.Paste F.Mask) (roundrect_rratio 0.25)
      (net 3 VDDA))
    (pad 1 smd roundrect (at -0.95 0 180) (size 1 1.45) (layers F.Cu F.Paste F.Mask) (roundrect_rratio 0.25)
      (net 1 GND))
    (model ${KISYS3DMOD}/Capacitor_SMD.3dshapes/C_0805_2012Metric.wrl
      (at (xyz 0 0 0))
      (scale (xyz 1 1 1))
      (rotate (xyz 0 0 0))
    )
  )

  (module Capacitor_SMD:C_0805_2012Metric (layer F.Cu) (tedit 5F68FEEE) (tstamp 621557EB)
    (at 78.4758 157.6578)
    (descr "Capacitor SMD 0805 (2012 Metric), square (rectangular) end terminal, IPC_7351 nominal, (Body size source: IPC-SM-782 page 76, https://www.pcb-3d.com/wordpress/wp-content/uploads/ipc-sm-782a_amendment_1_and_2.pdf, https://docs.google.com/spreadsheets/d/1BsfQQcO9C6DZCsRaXUlFlo91Tg2WpOkGARC1WS5S8t0/edit?usp=sharing), generated with kicad-footprint-generator")
    (tags capacitor)
    (path /620150FD)
    (attr smd)
    (fp_text reference C5 (at 0 -1.68) (layer F.SilkS)
      (effects (font (size 1 1) (thickness 0.15)))
    )
    (fp_text value 400nF (at 0 1.68) (layer F.Fab)
      (effects (font (size 1 1) (thickness 0.15)))
    )
    (fp_line (start -1 0.625) (end -1 -0.625) (layer F.Fab) (width 0.1))
    (fp_line (start -1 -0.625) (end 1 -0.625) (layer F.Fab) (width 0.1))
    (fp_line (start 1 -0.625) (end 1 0.625) (layer F.Fab) (width 0.1))
    (fp_line (start 1 0.625) (end -1 0.625) (layer F.Fab) (width 0.1))
    (fp_line (start -0.261252 -0.735) (end 0.261252 -0.735) (layer F.SilkS) (width 0.12))
    (fp_line (start -0.261252 0.735) (end 0.261252 0.735) (layer F.SilkS) (width 0.12))
    (fp_line (start -1.7 0.98) (end -1.7 -0.98) (layer F.CrtYd) (width 0.05))
    (fp_line (start -1.7 -0.98) (end 1.7 -0.98) (layer F.CrtYd) (width 0.05))
    (fp_line (start 1.7 -0.98) (end 1.7 0.98) (layer F.CrtYd) (width 0.05))
    (fp_line (start 1.7 0.98) (end -1.7 0.98) (layer F.CrtYd) (width 0.05))
    (fp_text user %R (at 0 0) (layer F.Fab)
      (effects (font (size 0.5 0.5) (thickness 0.08)))
    )
    (pad 1 smd roundrect (at -0.95 0) (size 1 1.45) (layers F.Cu F.Paste F.Mask) (roundrect_rratio 0.25)
      (net 1 GND))
    (pad 2 smd roundrect (at 0.95 0) (size 1 1.45) (layers F.Cu F.Paste F.Mask) (roundrect_rratio 0.25)
      (net 19 IN2))
    (model ${KISYS3DMOD}/Capacitor_SMD.3dshapes/C_0805_2012Metric.wrl
      (at (xyz 0 0 0))
      (scale (xyz 1 1 1))
      (rotate (xyz 0 0 0))
    )
  )

  (module Capacitor_SMD:C_0805_2012Metric (layer F.Cu) (tedit 5F68FEEE) (tstamp 621D30B6)
    (at 59.3852 157.6832)
    (descr "Capacitor SMD 0805 (2012 Metric), square (rectangular) end terminal, IPC_7351 nominal, (Body size source: IPC-SM-782 page 76, https://www.pcb-3d.com/wordpress/wp-content/uploads/ipc-sm-782a_amendment_1_and_2.pdf, https://docs.google.com/spreadsheets/d/1BsfQQcO9C6DZCsRaXUlFlo91Tg2WpOkGARC1WS5S8t0/edit?usp=sharing), generated with kicad-footprint-generator")
    (tags capacitor)
    (path /6202BA9F)
    (attr smd)
    (fp_text reference C6 (at 0 -1.68) (layer F.SilkS)
      (effects (font (size 1 1) (thickness 0.15)))
    )
    (fp_text value 400nF (at 0 1.68) (layer F.Fab)
      (effects (font (size 1 1) (thickness 0.15)))
    )
    (fp_line (start 1.7 0.98) (end -1.7 0.98) (layer F.CrtYd) (width 0.05))
    (fp_line (start 1.7 -0.98) (end 1.7 0.98) (layer F.CrtYd) (width 0.05))
    (fp_line (start -1.7 -0.98) (end 1.7 -0.98) (layer F.CrtYd) (width 0.05))
    (fp_line (start -1.7 0.98) (end -1.7 -0.98) (layer F.CrtYd) (width 0.05))
    (fp_line (start -0.261252 0.735) (end 0.261252 0.735) (layer F.SilkS) (width 0.12))
    (fp_line (start -0.261252 -0.735) (end 0.261252 -0.735) (layer F.SilkS) (width 0.12))
    (fp_line (start 1 0.625) (end -1 0.625) (layer F.Fab) (width 0.1))
    (fp_line (start 1 -0.625) (end 1 0.625) (layer F.Fab) (width 0.1))
    (fp_line (start -1 -0.625) (end 1 -0.625) (layer F.Fab) (width 0.1))
    (fp_line (start -1 0.625) (end -1 -0.625) (layer F.Fab) (width 0.1))
    (fp_text user %R (at 0 0) (layer F.Fab)
      (effects (font (size 0.5 0.5) (thickness 0.08)))
    )
    (pad 2 smd roundrect (at 0.95 0) (size 1 1.45) (layers F.Cu F.Paste F.Mask) (roundrect_rratio 0.25)
      (net 20 IN3))
    (pad 1 smd roundrect (at -0.95 0) (size 1 1.45) (layers F.Cu F.Paste F.Mask) (roundrect_rratio 0.25)
      (net 1 GND))
    (model ${KISYS3DMOD}/Capacitor_SMD.3dshapes/C_0805_2012Metric.wrl
      (at (xyz 0 0 0))
      (scale (xyz 1 1 1))
      (rotate (xyz 0 0 0))
    )
  )

  (module Capacitor_SMD:C_0805_2012Metric (layer F.Cu) (tedit 5F68FEEE) (tstamp 6215580D)
    (at 97.7392 157.6324)
    (descr "Capacitor SMD 0805 (2012 Metric), square (rectangular) end terminal, IPC_7351 nominal, (Body size source: IPC-SM-782 page 76, https://www.pcb-3d.com/wordpress/wp-content/uploads/ipc-sm-782a_amendment_1_and_2.pdf, https://docs.google.com/spreadsheets/d/1BsfQQcO9C6DZCsRaXUlFlo91Tg2WpOkGARC1WS5S8t0/edit?usp=sharing), generated with kicad-footprint-generator")
    (tags capacitor)
    (path /61CCDCF1)
    (attr smd)
    (fp_text reference C4 (at 0 -1.68) (layer F.SilkS)
      (effects (font (size 1 1) (thickness 0.15)))
    )
    (fp_text value 400nF (at 0 1.68) (layer F.Fab)
      (effects (font (size 1 1) (thickness 0.15)))
    )
    (fp_line (start -1 0.625) (end -1 -0.625) (layer F.Fab) (width 0.1))
    (fp_line (start -1 -0.625) (end 1 -0.625) (layer F.Fab) (width 0.1))
    (fp_line (start 1 -0.625) (end 1 0.625) (layer F.Fab) (width 0.1))
    (fp_line (start 1 0.625) (end -1 0.625) (layer F.Fab) (width 0.1))
    (fp_line (start -0.261252 -0.735) (end 0.261252 -0.735) (layer F.SilkS) (width 0.12))
    (fp_line (start -0.261252 0.735) (end 0.261252 0.735) (layer F.SilkS) (width 0.12))
    (fp_line (start -1.7 0.98) (end -1.7 -0.98) (layer F.CrtYd) (width 0.05))
    (fp_line (start -1.7 -0.98) (end 1.7 -0.98) (layer F.CrtYd) (width 0.05))
    (fp_line (start 1.7 -0.98) (end 1.7 0.98) (layer F.CrtYd) (width 0.05))
    (fp_line (start 1.7 0.98) (end -1.7 0.98) (layer F.CrtYd) (width 0.05))
    (fp_text user %R (at 0 0) (layer F.Fab)
      (effects (font (size 0.5 0.5) (thickness 0.08)))
    )
    (pad 1 smd roundrect (at -0.95 0) (size 1 1.45) (layers F.Cu F.Paste F.Mask) (roundrect_rratio 0.25)
      (net 1 GND))
    (pad 2 smd roundrect (at 0.95 0) (size 1 1.45) (layers F.Cu F.Paste F.Mask) (roundrect_rratio 0.25)
      (net 18 IN1))
    (model ${KISYS3DMOD}/Capacitor_SMD.3dshapes/C_0805_2012Metric.wrl
      (at (xyz 0 0 0))
      (scale (xyz 1 1 1))
      (rotate (xyz 0 0 0))
    )
  )

  (module Capacitor_SMD:C_0805_2012Metric (layer F.Cu) (tedit 5F68FEEE) (tstamp 6215581E)
    (at 49.53 154.94 180)
    (descr "Capacitor SMD 0805 (2012 Metric), square (rectangular) end terminal, IPC_7351 nominal, (Body size source: IPC-SM-782 page 76, https://www.pcb-3d.com/wordpress/wp-content/uploads/ipc-sm-782a_amendment_1_and_2.pdf, https://docs.google.com/spreadsheets/d/1BsfQQcO9C6DZCsRaXUlFlo91Tg2WpOkGARC1WS5S8t0/edit?usp=sharing), generated with kicad-footprint-generator")
    (tags capacitor)
    (path /61390A1C)
    (attr smd)
    (fp_text reference C2 (at 0 -1.68) (layer F.SilkS)
      (effects (font (size 1 1) (thickness 0.15)))
    )
    (fp_text value 400nF (at 0 1.68) (layer F.Fab)
      (effects (font (size 1 1) (thickness 0.15)))
    )
    (fp_line (start -1 0.625) (end -1 -0.625) (layer F.Fab) (width 0.1))
    (fp_line (start -1 -0.625) (end 1 -0.625) (layer F.Fab) (width 0.1))
    (fp_line (start 1 -0.625) (end 1 0.625) (layer F.Fab) (width 0.1))
    (fp_line (start 1 0.625) (end -1 0.625) (layer F.Fab) (width 0.1))
    (fp_line (start -0.261252 -0.735) (end 0.261252 -0.735) (layer F.SilkS) (width 0.12))
    (fp_line (start -0.261252 0.735) (end 0.261252 0.735) (layer F.SilkS) (width 0.12))
    (fp_line (start -1.7 0.98) (end -1.7 -0.98) (layer F.CrtYd) (width 0.05))
    (fp_line (start -1.7 -0.98) (end 1.7 -0.98) (layer F.CrtYd) (width 0.05))
    (fp_line (start 1.7 -0.98) (end 1.7 0.98) (layer F.CrtYd) (width 0.05))
    (fp_line (start 1.7 0.98) (end -1.7 0.98) (layer F.CrtYd) (width 0.05))
    (fp_text user %R (at 0 0) (layer F.Fab)
      (effects (font (size 0.5 0.5) (thickness 0.08)))
    )
    (pad 1 smd roundrect (at -0.95 0 180) (size 1 1.45) (layers F.Cu F.Paste F.Mask) (roundrect_rratio 0.25)
      (net 37 "Net-(C2-Pad1)"))
    (pad 2 smd roundrect (at 0.95 0 180) (size 1 1.45) (layers F.Cu F.Paste F.Mask) (roundrect_rratio 0.25)
      (net 1 GND))
    (model ${KISYS3DMOD}/Capacitor_SMD.3dshapes/C_0805_2012Metric.wrl
      (at (xyz 0 0 0))
      (scale (xyz 1 1 1))
      (rotate (xyz 0 0 0))
    )
  )

  (module Capacitor_SMD:C_0805_2012Metric (layer F.Cu) (tedit 5F68FEEE) (tstamp 6215582F)
    (at 102.7938 153.8224 180)
    (descr "Capacitor SMD 0805 (2012 Metric), square (rectangular) end terminal, IPC_7351 nominal, (Body size source: IPC-SM-782 page 76, https://www.pcb-3d.com/wordpress/wp-content/uploads/ipc-sm-782a_amendment_1_and_2.pdf, https://docs.google.com/spreadsheets/d/1BsfQQcO9C6DZCsRaXUlFlo91Tg2WpOkGARC1WS5S8t0/edit?usp=sharing), generated with kicad-footprint-generator")
    (tags capacitor)
    (path /61709E26)
    (attr smd)
    (fp_text reference C1 (at 0 -1.68) (layer F.SilkS)
      (effects (font (size 1 1) (thickness 0.15)))
    )
    (fp_text value C (at 0 1.68) (layer F.Fab)
      (effects (font (size 1 1) (thickness 0.15)))
    )
    (fp_line (start 1.7 0.98) (end -1.7 0.98) (layer F.CrtYd) (width 0.05))
    (fp_line (start 1.7 -0.98) (end 1.7 0.98) (layer F.CrtYd) (width 0.05))
    (fp_line (start -1.7 -0.98) (end 1.7 -0.98) (layer F.CrtYd) (width 0.05))
    (fp_line (start -1.7 0.98) (end -1.7 -0.98) (layer F.CrtYd) (width 0.05))
    (fp_line (start -0.261252 0.735) (end 0.261252 0.735) (layer F.SilkS) (width 0.12))
    (fp_line (start -0.261252 -0.735) (end 0.261252 -0.735) (layer F.SilkS) (width 0.12))
    (fp_line (start 1 0.625) (end -1 0.625) (layer F.Fab) (width 0.1))
    (fp_line (start 1 -0.625) (end 1 0.625) (layer F.Fab) (width 0.1))
    (fp_line (start -1 -0.625) (end 1 -0.625) (layer F.Fab) (width 0.1))
    (fp_line (start -1 0.625) (end -1 -0.625) (layer F.Fab) (width 0.1))
    (fp_text user %R (at 0 0) (layer F.Fab)
      (effects (font (size 0.5 0.5) (thickness 0.08)))
    )
    (pad 2 smd roundrect (at 0.95 0 180) (size 1 1.45) (layers F.Cu F.Paste F.Mask) (roundrect_rratio 0.25)
      (net 1 GND))
    (pad 1 smd roundrect (at -0.95 0 180) (size 1 1.45) (layers F.Cu F.Paste F.Mask) (roundrect_rratio 0.25)
      (net 4 VCC))
    (model ${KISYS3DMOD}/Capacitor_SMD.3dshapes/C_0805_2012Metric.wrl
      (at (xyz 0 0 0))
      (scale (xyz 1 1 1))
      (rotate (xyz 0 0 0))
    )
  )

  (module Capacitor_SMD:C_0805_2012Metric (layer F.Cu) (tedit 5F68FEEE) (tstamp 62181645)
    (at 49.9872 108.0516 270)
    (descr "Capacitor SMD 0805 (2012 Metric), square (rectangular) end terminal, IPC_7351 nominal, (Body size source: IPC-SM-782 page 76, https://www.pcb-3d.com/wordpress/wp-content/uploads/ipc-sm-782a_amendment_1_and_2.pdf, https://docs.google.com/spreadsheets/d/1BsfQQcO9C6DZCsRaXUlFlo91Tg2WpOkGARC1WS5S8t0/edit?usp=sharing), generated with kicad-footprint-generator")
    (tags capacitor)
    (path /60F732E2)
    (attr smd)
    (fp_text reference C8 (at 0 -1.68 90) (layer F.SilkS)
      (effects (font (size 1 1) (thickness 0.15)))
    )
    (fp_text value C (at 0 1.68 90) (layer F.Fab)
      (effects (font (size 1 1) (thickness 0.15)))
    )
    (fp_line (start -1 0.625) (end -1 -0.625) (layer F.Fab) (width 0.1))
    (fp_line (start -1 -0.625) (end 1 -0.625) (layer F.Fab) (width 0.1))
    (fp_line (start 1 -0.625) (end 1 0.625) (layer F.Fab) (width 0.1))
    (fp_line (start 1 0.625) (end -1 0.625) (layer F.Fab) (width 0.1))
    (fp_line (start -0.261252 -0.735) (end 0.261252 -0.735) (layer F.SilkS) (width 0.12))
    (fp_line (start -0.261252 0.735) (end 0.261252 0.735) (layer F.SilkS) (width 0.12))
    (fp_line (start -1.7 0.98) (end -1.7 -0.98) (layer F.CrtYd) (width 0.05))
    (fp_line (start -1.7 -0.98) (end 1.7 -0.98) (layer F.CrtYd) (width 0.05))
    (fp_line (start 1.7 -0.98) (end 1.7 0.98) (layer F.CrtYd) (width 0.05))
    (fp_line (start 1.7 0.98) (end -1.7 0.98) (layer F.CrtYd) (width 0.05))
    (fp_text user %R (at 0 0 90) (layer F.Fab)
      (effects (font (size 0.5 0.5) (thickness 0.08)))
    )
    (pad 1 smd roundrect (at -0.95 0 270) (size 1 1.45) (layers F.Cu F.Paste F.Mask) (roundrect_rratio 0.25)
      (net 38 "Net-(C8-Pad1)"))
    (pad 2 smd roundrect (at 0.95 0 270) (size 1 1.45) (layers F.Cu F.Paste F.Mask) (roundrect_rratio 0.25)
      (net 1 GND))
    (model ${KISYS3DMOD}/Capacitor_SMD.3dshapes/C_0805_2012Metric.wrl
      (at (xyz 0 0 0))
      (scale (xyz 1 1 1))
      (rotate (xyz 0 0 0))
    )
  )

  (module Capacitor_SMD:C_0805_2012Metric (layer F.Cu) (tedit 5F68FEEE) (tstamp 621CF24C)
    (at 59.6392 108.0008 270)
    (descr "Capacitor SMD 0805 (2012 Metric), square (rectangular) end terminal, IPC_7351 nominal, (Body size source: IPC-SM-782 page 76, https://www.pcb-3d.com/wordpress/wp-content/uploads/ipc-sm-782a_amendment_1_and_2.pdf, https://docs.google.com/spreadsheets/d/1BsfQQcO9C6DZCsRaXUlFlo91Tg2WpOkGARC1WS5S8t0/edit?usp=sharing), generated with kicad-footprint-generator")
    (tags capacitor)
    (path /60F73AA6)
    (attr smd)
    (fp_text reference C9 (at 0 -1.68 90) (layer F.SilkS)
      (effects (font (size 1 1) (thickness 0.15)))
    )
    (fp_text value C (at 0 1.68 90) (layer F.Fab)
      (effects (font (size 1 1) (thickness 0.15)))
    )
    (fp_line (start 1.7 0.98) (end -1.7 0.98) (layer F.CrtYd) (width 0.05))
    (fp_line (start 1.7 -0.98) (end 1.7 0.98) (layer F.CrtYd) (width 0.05))
    (fp_line (start -1.7 -0.98) (end 1.7 -0.98) (layer F.CrtYd) (width 0.05))
    (fp_line (start -1.7 0.98) (end -1.7 -0.98) (layer F.CrtYd) (width 0.05))
    (fp_line (start -0.261252 0.735) (end 0.261252 0.735) (layer F.SilkS) (width 0.12))
    (fp_line (start -0.261252 -0.735) (end 0.261252 -0.735) (layer F.SilkS) (width 0.12))
    (fp_line (start 1 0.625) (end -1 0.625) (layer F.Fab) (width 0.1))
    (fp_line (start 1 -0.625) (end 1 0.625) (layer F.Fab) (width 0.1))
    (fp_line (start -1 -0.625) (end 1 -0.625) (layer F.Fab) (width 0.1))
    (fp_line (start -1 0.625) (end -1 -0.625) (layer F.Fab) (width 0.1))
    (fp_text user %R (at 0 0 90) (layer F.Fab)
      (effects (font (size 0.5 0.5) (thickness 0.08)))
    )
    (pad 2 smd roundrect (at 0.95 0 270) (size 1 1.45) (layers F.Cu F.Paste F.Mask) (roundrect_rratio 0.25)
      (net 1 GND))
    (pad 1 smd roundrect (at -0.95 0 270) (size 1 1.45) (layers F.Cu F.Paste F.Mask) (roundrect_rratio 0.25)
      (net 36 VDD))
    (model ${KISYS3DMOD}/Capacitor_SMD.3dshapes/C_0805_2012Metric.wrl
      (at (xyz 0 0 0))
      (scale (xyz 1 1 1))
      (rotate (xyz 0 0 0))
    )
  )

  (module Diode_SMD:D_1206_3216Metric (layer F.Cu) (tedit 5F68FEF0) (tstamp 6220524C)
    (at 68.7548 103.9622)
